0.015025005    200    1235    1
0.015025005    200    1235    1
0.015025005    200    1235    1
0.015025005    200    1235    1
0.015025005    200    1235    1
0.015025005    200    1235    1
0.015025005    200    1235    1
0.015025005    200    1235    1
0.015025005    200    1235    1
0.015025005    200    1235    1
0.015025005    200    1235    1
0.015025005    200    1235    1
0.015025005    200    1235    1
0.015025005    200    1235    1
0.015025005    200    1235    1
0.015025005    200    1235    1
0.015025005    200    1235    1
0.015025005    200    1235    1
0.015025005    200    1235    1
0.015025005    200    1235    1
0.015025005    200    1235    1
0.015025005    200    1235    1
0.015025005    200    1235    1
0.015025005    200    1235    1
0.015025005    200    1235    1
0.015025005    200    1235    1
0.015025005    200    1235    1
0.015025005    200    1235    1
0.015025005    200    1235    1
0.015025005    200    1235    1
0.015025005    200    1235    1
0.015025005    200    1235    1
0.015025005    200    1235    1
0.015025005    200    1235    1
0.015025005    200    1235    1
0.015025005    200    1235    1
0.015025005    200    1235    1
0.015025005    200    1235    1
0.015025005    200    1235    1
0.015025005    200    1235    1
0.015025005    200    1235    1
0.015025005    200    1235    1
0.015025005    200    1235    1
0.015025005    200    1235    1
0.015025005    200    1235    1
0.015025005    200    1235    1
0.015025005    200    1235    1
0.015025005    200    1235    1
0.015025005    200    1235    1
0.015025005    200    1235    1
0.015025005    200    1235    1
0.015025005    200    1235    1
0.015025005    200    1235    1
0.015025005    200    1235    1
0.015025005    200    1235    1
0.015025005    200    1235    1
0.015025005    200    1235    1
0.015025005    200    1235    1
0.015025005    200    1235    1
0.015025005    200    1235    1
